2478
2928
2699
2851
2817
2654
3155
2511
2588
2706
2614
2445
2468
2957
3119
2722
2710
2775
2415
2644
2762
2885
2519
2912
3079
2694
2791
2841
2726
2773
2488
2703
3097
3080
2890
2550
3021
2605
2779
2909
2617
3157
2900
2483
3186
2696
2692
2695
2692
3196
2658
2806
2516
2863
2582
2767
2750
2982
2782
2777
2693
2636
2810
2684
2536
2879
3116
2848
2521
2969
2537
2711
2665
2714
3116
2665
2544
2821
2792
2709
2469
2926
3024
3073
2924
2509
2836
2618
2549
2715
2569
3575
2700
2564
3169
3135
2861
2431
2703
3224
2856
2716
2689
2951
2495
2453
2603
2723
3159
2487
2900
2612
2936
2656
2395
2544
3038
3103
2711
3021
2708
2576
2518
2868
2934
2721
2576
2870
2834
3063
2484
2527
2867
3025
2374
2950
2817
2779
2619
2840
2620
3566
2656
2703
3435
2952
2534
2406
2608
3212
2702
2548
2849
2992
2674
2751
2677
2722
2990
2919
2845
2779
2686
2589
2452
2943
3373
2909
2704
2681
2732
2517
2750
2767
3341
2469
2680
3023
2947
2747
2668
2487
2588
3363
2634
3077
2905
2912
2651
2631
2637
3530
2710
2573
2766
2889
2512
2979
2817
3409
2605
2861
2444
3104
2795
2310
2748
2894
3127
2736
2544
2760
2567
2690
2846
2438
3491
2659
2609
2830
3056
3033
2508
2216
3363
2813
2795
2710
3110
2735
2509
2705
3140
2942
2808
2532
2691
2616
2641
2722
2802
3010
2619
2518
2759
2553
2641
2552
2495
3433
2922
2454
2710
2548
2929
2528
